Space           00100  000100  1101000  1011100  0000001  00100 11011  10101 01010 10111

Q 1         1   11101  011101  0001101  0101110  0111011  11101 11101  01100 01001 01111  Q 1  q !
W 2         2   11001  011001  0100101  0100111  0110010  11001 00110  01000 00110 00100  W 2  w
E 3         3   10000  010000  0111000  1010110  0100000  10000 01111  00001 10001 00101  E 3  e
R 4         4   01010  001010  1100100  1010101  0010101  01010 01010  11011 01000 00110  R 4  r $
T 5         5   00001  000001  1000101  1110100  0000010  00001 11110  10000 01100 01001  T 5  t
Y 6         6   10101  010101  0010101  0101011  0101010  10101 01010  00100 10111 11001  Y 6  y ^
U 7         7   11100  011100  0110010  1001110  0111000  11100 00011  01101 00000 11000  U 7  u &
I 8         8   01100  001100  1110000  1001101  0011001  01100 01100  11101 10100 00011  I 8  i
O 9         9   00011  000011  1000110  1110001  0000111  00011 00011  10010 11111 00111  O 9  o ~
P 0         0   01101  001101  1001010  0101101  0011010  01101 10010  11100 11101 10100  P 0  p

A -         -   11000  011000  0011010  1000111  0110001  11000 11000  01001 01111 10011  A -  a _
S '         BEL 10100  010100  0101010  1001011  0101001  10100 10100  00101 11110 01110  S '  s "
D WRU       $   10010  010010  0011100  1010011  0100101  10010 10010  00011 00010 01011  D    d
F   Å !   10110  010110  0010011  0011011  0101100  10110 01001  00111 01101 00000  F %  f `
G   Ä &   01011  001011  1100001  0110101  0010110  01011 10100  11010 00001 10001  G @  g }
H   Ö #   00101  000101  1010010  1101001  0001011  00101 00101  10100 00011 00010  H #  h {
J BEL       '   11010  011010  0100011  0010111  0110100  11010 00101  01011 11100 11101  J *  j
K (         (   11110  011110  0001011  0011110  0111101  11110 11110  01111 10011 10110  K (  k [
L )         )   01001  001001  1100010  1100101  0010011  01001 01001  11000 10010 11111  L )  l ]

Z +         "   10001  010001  0110001  1100011  0100011  10001 10001  00000 11000 10010  Z +  z
X /         /   10111  010111  0010110  0111010  0101111  10111 10111  00110 00100 10111  X /  x \
C :         :   01110  001110  1001100  0011101  0011100  01110 10001  11111 00111 01101  C :  c ;
V =         ;   01111  001111  1001001  0111100  0011111  01111 01111  11110 01110 11010  V =  v |
B ?         ?   10011  010011  0011001  1110010  0100110  10011 01100  00010 01011 11100  B ?  b
N ,         ,   00110  000110  1010100  1011001  0001101  00110 00110  10111 11001 11011  N ,  n <
M .         .   00111  000111  1010001  0111001  0001110  00111 11000  10110 10000 01100  M .  m >

CR              00010  000010  1000011  1111000  0000100  00010 11101  10011 10110 10000
LF              01000  001000  1011000  1101100  0010000  01000 10111  11001 11011 01000
FIGS            11011  011011  0100110  0110110  0110111  11011 11011  01010 10101 01010
LTRS a       b    11111  011111  0001110  1011010  0111110  11111 00000  01110 11010 00001